4,18
0,0,0,0,0
0
4,18
0,0,0,0,0
1
4,18
50,46,16,0,0
0
4,18
0,0,0,0,0
1
4,18
50,46,16,7,0
0
4,18
50,46,16,0,0
1
4,18
50,46,16,7,48
0
4,18
50,46,16,7,0
1
4,18
50,46,16,7,48
1
4,18
50,46,16,7,48
44,3
0,0,0,0,0
1
44,3
0,0,0,0,0
2
44,3
19,0,47,0,0
0
44,3
0,0,0,0,0
1
44,3
19,0,47,25,0
0
44,3
19,0,47,0,0
1
44,3
19,0,47,25,22
0
44,3
19,0,47,25,0
1
44,3
19,0,47,25,22
0
44,3
19,0,47,25,22
1
44,3
19,0,47,25,22
1
44,3
19,0,47,25,22
0,15
0,0,0,0,0
1
0,15
0,0,0,0,0
2
0,15
46,30,4,0,0
0
0,15
0,0,0,0,0
1
0,15
46,30,4,9,0
0
0,15
46,30,4,0,0
1
0,15
46,30,4,9,7
0
0,15
46,30,4,9,0
1
0,15
46,30,4,9,7
1
0,15
46,30,4,9,7
2,21
0,0,0,0,0
1
2,21
0,0,0,0,0
2
2,21
50,14,9,0,0
0
2,21
0,0,0,0,0
1
2,21
50,14,9,0,0
0
2,21
50,14,9,0,0
1
2,21
50,14,9,33,0
0
2,21
50,14,9,0,0
1
2,21
50,14,9,33,0
0
2,21
50,14,9,33,0
1
2,21
50,14,9,33,7
0
2,21
50,14,9,33,0
1
2,21
50,14,9,33,7
0
2,21
50,14,9,33,7
1
2,21
50,14,9,33,7
1
2,21
50,14,9,33,7
19,22
0,0,0,0,0
1
19,22
0,0,0,0,0
2
19,22
0,0,0,0,0
0
19,22
0,0,0,0,0
1
19,22
42,46,8,0,0
0
19,22
0,0,0,0,0
1
19,22
42,46,8,17,0
0
19,22
42,46,8,0,0
1
19,22
42,46,8,17,9
0
19,22
42,46,8,17,0
1
19,22
42,46,8,17,9
1
19,22
42,46,8,17,9
49,31
0,0,0,0,0
1
49,31
0,0,0,0,0
2
49,31
42,2,0,0,0
0
49,31
0,0,0,0,0
1
49,31
42,2,0,46,0
0
49,31
42,2,0,0,0
1
49,31
42,2,0,46,0
0
49,31
42,2,0,46,0
1
49,31
42,2,0,46,29
0
49,31
42,2,0,46,0
1
49,31
42,2,0,46,29
1
49,31
42,2,0,46,29
4,9
0,0,0,0,0
1
4,9
0,0,0,0,0
2
4,9
0,0,0,0,0
0
4,9
0,0,0,0,0
1
4,9
28,10,45,0,0
0
4,9
0,0,0,0,0
1
4,9
28,10,45,6,0
0
4,9
28,10,45,0,0
1
4,9
28,10,45,6,8
0
4,9
28,10,45,6,0
1
4,9
28,10,45,6,8
1
4,9
28,10,45,6,8
14,9
0,0,0,0,0
1
14,9
0,0,0,0,0
2
14,9
27,10,28,0,0
0
14,9
0,0,0,0,0
1
14,9
27,10,28,0,0
0
14,9
27,10,28,0,0
1
14,9
27,10,28,11,0
0
14,9
27,10,28,0,0
1
14,9
27,10,28,11,0
0
14,9
27,10,28,11,0
1
14,9
27,10,28,11,15
0
14,9
27,10,28,11,0
1
14,9
27,10,28,11,15
0
14,9
27,10,28,11,15
1
14,9
27,10,28,11,15
1
14,9
27,10,28,11,15
35,30
0,0,0,0,0
1
35,30
0,0,0,0,0
2
35,30
36,46,29,0,0
0
35,30
0,0,0,0,0
1
35,30
36,46,29,5,0
0
35,30
36,46,29,0,0
1
35,30
36,46,29,5,18
0
35,30
36,46,29,5,0
1
35,30
36,46,29,5,18
1
35,30
36,46,29,5,18
2,27
0,0,0,0,0
1
2,27
0,0,0,0,0
2
2,27
13,46,51,0,0
0
2,27
0,0,0,0,0
1
2,27
13,46,51,0,0
0
2,27
13,46,51,0,0
1
2,27
13,46,51,43,0
0
2,27
13,46,51,0,0
1
2,27
13,46,51,43,35
0
2,27
13,46,51,43,0
1
2,27
13,46,51,43,35
0
2,27
13,46,51,43,35
1
2,27
13,46,51,43,35
1
2,27
13,46,51,43,35
